2015-01-31 05:59:45 +0800 CST [1200 989] 38093 0 17.402 1.213 1
2015-02-28 05:59:40 +0800 CST [858 688] 5731 38093 3.707 1.247 1
2015-03-31 23:59:55 +0800 CST [847 783] -6451 43824 -3.957 1.082 3
2015-04-30 23:59:55 +0800 CST [704 618] -7760 37373 -5.870 1.139 3
2015-05-30 04:59:40 +0800 CST [845 670] 31150 29613 20.561 1.261 1
2015-06-30 23:59:50 +0800 CST [1067 879] 47893 60763 24.611 1.214 0
2015-07-31 23:59:55 +0800 CST [894 696] 19924 108656 12.531 1.284 0
2015-08-31 23:59:55 +0800 CST [701 612] 21976 128580 16.737 1.145 0
2015-09-30 23:59:55 +0800 CST [740 571] 5987 150556 4.567 1.296 2
2015-10-31 04:58:35 +0800 CST [548 449] -5875 156542 -5.893 1.220 0
2015-11-30 23:59:55 +0800 CST [360 322] 7824 150667 11.472 1.118 0
2015-12-31 23:59:55 +0800 CST [508 384] 19262 158491 21.594 1.323 0
2016-01-30 05:59:15 +0800 CST [671 510] 31271 177753 26.478 1.316 2
2016-02-29 23:59:55 +0800 CST [830 646] 37365 209024 25.315 1.285 0
