2015-01-31 05:59:45 +0800 CST [675 626] -2439 0 -1.875 1.078 0
2015-02-28 05:59:40 +0800 CST [510 421] -2390 -2439 -2.567 1.211 0
2015-03-31 23:59:55 +0800 CST [749 748] -28951 -4829 -19.340 1.001 1
2015-04-30 23:59:55 +0800 CST [690 673] -11525 -33780 -8.455 1.025 1
2015-05-30 04:59:35 +0800 CST [783 659] 19833 -45305 13.754 1.188 0
2015-06-30 23:59:55 +0800 CST [879 756] 13568 -25472 8.298 1.163 1
2015-07-31 23:59:55 +0800 CST [656 525] 20170 -11904 17.079 1.250 0
2015-08-31 23:59:55 +0800 CST [667 575] -9620 8266 -7.746 1.160 1
2015-09-30 23:59:55 +0800 CST [565 477] 9983 -1354 9.580 1.184 1
2015-10-31 04:59:00 +0800 CST [480 360] 14844 8629 17.671 1.333 1
2015-11-30 23:59:55 +0800 CST [363 305] 3644 23473 5.454 1.190 1
2015-12-31 23:59:55 +0800 CST [444 405] 12014 27116 14.151 1.096 1
2016-01-30 05:59:20 +0800 CST [492 427] 2996 39130 3.260 1.152 0
2016-02-29 23:59:55 +0800 CST [506 443] 4887 42126 5.149 1.142 1
2016-03-31 23:59:55 +0800 CST [447 359] 11839 47013 14.688 1.245 0
2016-04-30 04:59:30 +0800 CST [372 286] 181 58852 0.275 1.301 0
2016-05-31 23:59:20 +0800 CST [246 211] -2613 59033 -5.718 1.166 1
