2015-01-30 15:29:55 +0800 CST [334 305] -8763 0 -13.714 1.095 0
2015-02-27 15:29:55 +0800 CST [386 414] -2065 -8763 -2.582 0.932 0
2015-03-31 15:29:55 +0800 CST [447 403] 21198 -10828 24.939 1.109 0
2015-04-30 15:29:55 +0800 CST [453 368] 4692 10369 5.715 1.231 0
2015-05-29 15:29:55 +0800 CST [402 376] 15058 15062 19.354 1.069 0
2015-06-30 15:29:55 +0800 CST [427 372] 4561 30119 5.708 1.148 0
2015-07-31 15:29:55 +0800 CST [337 278] 2609 34680 4.242 1.212 1
2015-08-31 15:29:55 +0800 CST [507 466] 4220 37289 4.337 1.088 1
2015-09-30 15:29:55 +0800 CST [527 450] -13202 41508 -13.513 1.171 1
2015-10-30 15:29:55 +0800 CST [266 208] 11610 28306 24.495 1.279 0
2015-11-30 15:29:55 +0800 CST [266 225] 1808 39916 3.682 1.182 0
2015-12-31 15:29:50 +0800 CST [236 204] -6980 41724 -15.864 1.157 1
2016-01-29 15:29:55 +0800 CST [357 331] -2004 34744 -2.912 1.079 0
2016-02-29 15:29:55 +0800 CST [476 456] -7742 32740 -8.307 1.044 1
2016-03-31 15:29:45 +0800 CST [318 289] -8347 24998 -13.751 1.100 0
2016-04-29 15:29:50 +0800 CST [276 233] 10719 16651 21.059 1.185 0
2016-05-31 15:29:55 +0800 CST [334 300] -12168 27370 -19.192 1.113 0
2016-06-30 15:29:55 +0800 CST [266 237] -791 15202 -1.572 1.122 0
2016-07-29 15:29:45 +0800 CST [182 149] -1518 14411 -4.588 1.221 0
2016-08-31 15:29:55 +0800 CST [265 231] -6424 12893 -12.952 1.147 0
2016-09-30 15:29:55 +0800 CST [230 189] -1990 6469 -4.749 1.217 0
2016-10-28 15:29:55 +0800 CST [202 186] 9128 4479 23.526 1.086 0
2016-11-30 15:29:55 +0800 CST [420 382] -13682 13607 -17.060 1.099 1
2016-12-30 15:29:55 +0800 CST [212 196] -13953 -75 -34.199 1.082 0
2017-01-31 23:59:55 +0800 CST [256 212] 11309 -14028 24.164 1.208 0
2017-02-28 23:59:55 +0800 CST [285 246] 11829 -2719 22.276 1.159 0
2017-03-31 23:59:40 +0800 CST [301 243] 18250 9110 33.548 1.239 0
2017-04-29 04:40:45 +0800 CST [277 190] 9173 27360 19.642 1.458 1
2017-05-31 23:46:05 +0800 CST [340 274] 12294 36533 20.022 1.241 1
2017-06-30 23:56:20 +0800 CST [276 210] 20620 48826 42.428 1.314 0
2017-07-31 23:59:40 +0800 CST [293 250] 9598 69447 17.676 1.172 0
2017-08-31 23:56:00 +0800 CST [452 351] 13933 79045 17.351 1.288 0
2017-09-30 04:43:25 +0800 CST [400 312] 4578 92978 6.430 1.282 1
2017-10-31 23:59:55 +0800 CST [387 300] 13054 97556 19.001 1.290 0
2017-11-30 23:59:25 +0800 CST [438 360] 8110 110610 10.163 1.217 1
